90,     128,    84:     0.143843
151,    148,    96:     0.143781
128,    125,    47:     0.142531
purged at depth 6:
149,    131,    65:     0.157332
158,    139,    56:     0.156887
142,    138,    61:     0.156201
183,    142,    58:     0.155958
162,    143,    73:     0.155763
187,    125,    55:     0.155666
170,    113,    61:     0.155424
207,    119,    55:     0.153633
163,    137,    81:     0.152718
203,    133,    71:     0.152625
151,    154,    72:     0.151999
169,    113,    53:     0.151999
157,    102,    74:     0.150128
120,    126,    92:     0.149835
179,    97,     75:     0.149009
117,    140,    92:     0.148898
222,    138,    64:     0.148655
213,    147,    67:     0.148258
183,    110,    47:     0.14817
108,    139,    57:     0.147493
purged at depth 7:
166,    131,    67:     0.158378
180,    117,    65:     0.158353
155,    126,    72:     0.157654
149,    131,    65:     0.157332
158,    139,    56:     0.156887
142,    138,    61:     0.156201
145,    143,    68:     0.156055
183,    142,    58:     0.155958
162,    143,    73:     0.155763
187,    125,    55:     0.155666
194,    121,    72:     0.155666
170,    113,    61:     0.155424
190,    142,    59:     0.155352
176,    125,    80:     0.153846
207,    119,    55:     0.153633
156,    138,    79:     0.153633
169,    109,    58:     0.15321
163,    137,    81:     0.152718
158,    114,    56:     0.152695
203,    133,    71:     0.152625
purged at depth 8:
166,    131,    67:     0.158378
180,    117,    65:     0.158353
155,    126,    72:     0.157654
149,    131,    65:     0.157332
158,    139,    56:     0.156887
142,    138,    61:     0.156201
178,    147,    65:     0.156104
145,    143,    68:     0.156055
175,    132,    55:     0.156031
183,    142,    58:     0.155958
162,    143,    73:     0.155763
187,    125,    55:     0.155666
194,    121,    72:     0.155666
170,    113,    61:     0.155424
190,    142,    59:     0.155352
199,    116,    69:     0.155039
176,    125,    80:     0.153846
207,    119,    55:     0.153633
156,    138,    79:     0.153633
169,    109,    58:     0.15321
purged at depth 9:
166,    131,    67:     0.158378
180,    117,    65:     0.158353
155,    126,    72:     0.157654
149,    131,    65:     0.157332
158,    139,    56:     0.156887
156,    120,    60:     0.15674
175,    127,    55:     0.156519
175,    137,    72:     0.156495
181,    120,    74:     0.156299
142,    138,    61:     0.156201
178,    147,    65:     0.156104
145,    143,    68:     0.156055
175,    132,    55:     0.156031
157,    115,    65:     0.156006
183,    142,    58:     0.155958
162,    143,    73:     0.155763
187,    125,    55:     0.155666
194,    121,    72:     0.155666
164,    150,    58:     0.155497
170,    113,    61:     0.155424
purged at depth 10:
168,    127,    65:     0.159312
167,    131,    66:     0.159236
166,    131,    67:     0.158378
180,    117,    65:     0.158353
170,    119,    68:     0.158178
155,    137,    66:     0.157928
162,    123,    74:     0.157853
160,    121,    69:     0.157729
155,    126,    72:     0.157654
169,    140,    59:     0.157629
150,    128,    61:     0.15758
146,    130,    62:     0.157456
169,    130,    73:     0.157406
149,    131,    65:     0.157332
161,    146,    66:     0.157183
158,    139,    56:     0.156887
156,    120,    60:     0.15674
161,    139,    71:     0.156715
175,    127,    55:     0.156519
175,    137,    72:     0.156495
purged at depth 11:
173,    132,    65:     0.159363
168,    127,    65:     0.159312
167,    131,    66:     0.159236
171,    117,    65:     0.15868
166,    131,    67:     0.158378
172,    132,    61:     0.158378
180,    117,    65:     0.158353
170,    119,    68:     0.158178
177,    127,    59:     0.158103
155,    137,    66:     0.157928
162,    123,    74:     0.157853
175,    133,    58:     0.157853
165,    117,    70:     0.157778
158,    120,    62:     0.157754
160,    121,    69:     0.157729
155,    126,    72:     0.157654
169,    140,    59:     0.157629
150,    128,    61:     0.15758
146,    130,    62:     0.157456
169,    131,    76:     0.157431
purged at depth 12:
173,    132,    65:     0.159363
168,    127,    65:     0.159312
164,    133,    66:     0.159286
162,    134,    65:     0.159261
167,    131,    66:     0.159236
176,    130,    62:     0.159084
179,    129,    64:     0.159058
174,    123,    64:     0.159008
179,    134,    63:     0.158907
171,    117,    65:     0.15868
182,    128,    64:     0.158629
177,    137,    62:     0.158554
173,    138,    61:     0.158453
172,    118,    63:     0.158453
166,    131,    67:     0.158378
172,    132,    61:     0.158378
180,    117,    65:     0.158353
170,    119,    68:     0.158178
171,    141,    61:     0.158153
156,    129,    73:     0.158128
purged at depth 13:
173,    132,    65:     0.159363
168,    127,    65:     0.159312
164,    133,    66:     0.159286
162,    134,    65:     0.159261
167,    131,    66:     0.159236
176,    129,    63:     0.159185
165,    131,    65:     0.15916
176,    130,    62:     0.159084
174,    133,    63:     0.159084
179,    129,    64:     0.159058
169,    139,    65:     0.159033
174,    123,    64:     0.159008
179,    134,    63:     0.158907
162,    126,    70:     0.158831
161,    134,    62:     0.158806
171,    117,    65:     0.15868
163,    131,    62:     0.158655
182,    128,    64:     0.158629
177,    137,    62:     0.158554
173,    138,    61:     0.158453
purged at depth 14:
173,    132,    65:     0.159363
168,    127,    65:     0.159312
164,    133,    66:     0.159286
162,    134,    65:     0.159261
167,    131,    66:     0.159236
176,    129,    63:     0.159185
165,    131,    65:     0.15916
176,    130,    62:     0.159084
174,    133,    63:     0.159084
167,    126,    62:     0.159084
179,    129,    64:     0.159058
169,    139,    65:     0.159033
166,    134,    62:     0.159033
174,    123,    64:     0.159008
166,    127,    63:     0.158957
179,    134,    63:     0.158907
162,    126,    70:     0.158831
161,    134,    62:     0.158806
171,    117,    65:     0.15868
170,    139,    66:     0.15868
purged at depth 15:
174,    134,    66:     0.15949
170,    132,    65:     0.159388
167,    129,    66:     0.159388
171,    127,    66:     0.159363
173,    132,    65:     0.159363
168,    127,    65:     0.159312
164,    133,    66:     0.159286
162,    134,    65:     0.159261
167,    131,    66:     0.159236
168,    130,    65:     0.159236
173,    133,    65:     0.15921
176,    129,    63:     0.159185
175,    126,    66:     0.159185
165,    131,    65:     0.15916
172,    129,    62:     0.15916
176,    130,    62:     0.159084
174,    133,    63:     0.159084
167,    126,    62:     0.159084
179,    129,    64:     0.159058
169,    139,    65:     0.159033
purged at depth 16:
174,    134,    66:     0.15949
177,    130,    65:     0.15949
170,    132,    65:     0.159388
167,    129,    66:     0.159388
171,    127,    66:     0.159363
173,    132,    65:     0.159363
174,    131,    63:     0.159337
168,    127,    65:     0.159312
164,    133,    66:     0.159286
162,    134,    65:     0.159261
167,    131,    66:     0.159236
168,    130,    65:     0.159236
173,    133,    65:     0.15921
176,    129,    63:     0.159185
175,    126,    66:     0.159185
165,    131,    65:     0.15916
172,    129,    62:     0.15916
167,    134,    63:     0.15916
174,    134,    62:     0.159134
174,    133,    63:     0.159084
purged at depth 17:
175,    128,    65:     0.159515
174,    134,    66:     0.15949
177,    130,    65:     0.15949
172,    129,    66:     0.159413
170,    132,    65:     0.159388
167,    129,    66:     0.159388
171,    127,    66:     0.159363
173,    132,    65:     0.159363
174,    131,    63:     0.159337
168,    127,    65:     0.159312
164,    133,    66:     0.159286
162,    134,    65:     0.159261
167,    131,    66:     0.159236
168,    130,    65:     0.159236
173,    133,    65:     0.15921
176,    129,    63:     0.159185
175,    126,    66:     0.159185
165,    131,    65:     0.15916
172,    129,    62:     0.15916
167,    134,    63:     0.15916
purged at depth 18:
174,    130,    65:     0.159719
172,    127,    65:     0.159668
175,    128,    65:     0.159515
174,    134,    66:     0.15949
177,    130,    65:     0.15949
173,    126,    65:     0.159464
176,    127,    65:     0.159464
172,    129,    66:     0.159413
170,    132,    65:     0.159388
167,    129,    66:     0.159388
171,    127,    66:     0.159363
173,    132,    65:     0.159363
174,    131,    63:     0.159337
168,    127,    65:     0.159312
175,    127,    66:     0.159312
174,    129,    66:     0.159312
164,    133,    66:     0.159286
174,    131,    66:     0.159286
162,    134,    65:     0.159261
173,    127,    63:     0.159261
purged at depth 19:
174,    130,    65:     0.159719
174,    130,    65:     0.159719
174,    130,    65:     0.159719
172,    127,    65:     0.159668
173,    128,    65:     0.159642
175,    128,    65:     0.159515
175,    129,    65:     0.159515
175,    129,    65:     0.159515
174,    134,    66:     0.15949
177,    130,    65:     0.15949
176,    128,    66:     0.15949
173,    126,    65:     0.159464
171,    129,    66:     0.159464
176,    127,    65:     0.159464
172,    129,    66:     0.159413
174,    128,    63:     0.159413
170,    132,    65:     0.159388
167,    129,    66:     0.159388
171,    127,    66:     0.159363
173,    132,    65:     0.159363
 best result :
174, 130, 65: 0.159719
Press any key to continue . . .