45,     128,    116:    0.0182422
50,     98,     197:    0.0176451
32,     149,    145:    0.0172825
purged at depth 6:
5,      56,     139:    0.0434028
1,      55,     99:     0.0413343
22,     57,     111:    0.0319908
5,      68,     99:     0.031834
0,      87,     121:    0.0295456
10,     73,     101:    0.0292329
17,     68,     140:    0.0291062
11,     85,     248:    0.0267087
31,     49,     107:    0.0251934
30,     75,     116:    0.0235571
17,     102,    140:    0.0229864
29,     47,     163:    0.0229268
24,     93,     142:    0.0227547
0,      116,    205:    0.0225306
39,     74,     103:    0.0220536
18,     45,     122:    0.0217169
43,     63,     200:    0.0215457
40,     74,     119:    0.0213247
32,     113,    147:    0.0199227
22,     117,    98:     0.0197761
purged at depth 7:
5,      56,     139:    0.0434028
1,      55,     99:     0.0413343
9,      52,     141:    0.0398915
12,     66,     141:    0.0322883
22,     57,     111:    0.0319908
5,      68,     99:     0.031834
17,     61,     101:    0.031406
1,      81,     159:    0.0309224
0,      87,     121:    0.0295456
16,     68,     147:    0.0294916
10,     73,     101:    0.0292329
17,     68,     140:    0.0291062
5,      86,     162:    0.0282965
16,     73,     132:    0.0274755
11,     85,     248:    0.0267087
31,     49,     107:    0.0251934
19,     83,     172:    0.0249227
24,     82,     145:    0.0238846
30,     75,     116:    0.0235571
17,     102,    140:    0.0229864
purged at depth 8:
1,      58,     146:    0.0459918
5,      56,     139:    0.0434028
1,      55,     99:     0.0413343
9,      52,     141:    0.0398915
5,      70,     144:    0.0332149
12,     66,     141:    0.0322883
22,     57,     111:    0.0319908
5,      68,     99:     0.031834
17,     61,     101:    0.031406
1,      81,     159:    0.0309224
0,      87,     121:    0.0295456
16,     68,     147:    0.0294916
3,      84,     146:    0.0293781
10,     73,     101:    0.0292329
17,     68,     140:    0.0291062
8,      78,     139:    0.0287158
5,      86,     162:    0.0282965
16,     73,     132:    0.0274755
11,     85,     248:    0.0267087
10,     91,     158:    0.0258298
purged at depth 9:
0,      57,     151:    0.0479317
1,      58,     146:    0.0459918
5,      56,     139:    0.0434028
1,      55,     99:     0.0413343
3,      62,     127:    0.0403861
9,      52,     141:    0.0398915
5,      70,     144:    0.0332149
12,     66,     141:    0.0322883
22,     57,     111:    0.0319908
5,      68,     99:     0.031834
17,     61,     101:    0.031406
19,     62,     138:    0.0311867
1,      81,     159:    0.0309224
15,     48,     141:    0.0303205
16,     68,     165:    0.0295709
1,      86,     145:    0.0295631
0,      87,     121:    0.0295456
27,     52,     116:    0.029495
16,     68,     147:    0.0294916
3,      84,     146:    0.0293781
purged at depth 10:
0,      57,     151:    0.0479317
1,      58,     146:    0.0459918
2,      57,     161:    0.0459601
5,      56,     139:    0.0434028
1,      55,     99:     0.0413343
3,      62,     127:    0.0403861
9,      52,     141:    0.0398915
7,      61,     166:    0.0385594
9,      59,     152:    0.0383362
11,     57,     139:    0.0380344
17,     53,     158:    0.035297
19,     56,     163:    0.0338662
5,      70,     144:    0.0332149
12,     66,     141:    0.0322883
7,      70,     145:    0.0322009
22,     57,     111:    0.0319908
5,      68,     99:     0.031834
17,     61,     101:    0.031406
19,     62,     138:    0.0311867
1,      81,     159:    0.0309224
purged at depth 11:
0,      57,     151:    0.0479317
1,      58,     146:    0.0459918
2,      57,     161:    0.0459601
3,      52,     160:    0.0457917
1,      59,     162:    0.0453782
5,      56,     139:    0.0434028
4,      58,     156:    0.0432545
6,      53,     142:    0.0432451
1,      63,     175:    0.0418113
1,      55,     99:     0.0413343
3,      62,     127:    0.0403861
9,      52,     141:    0.0398915
7,      61,     166:    0.0385594
9,      59,     152:    0.0383362
11,     57,     139:    0.0380344
10,     59,     138:    0.0374827
13,     59,     166:    0.0358912
12,     50,     150:    0.035591
17,     53,     158:    0.035297
16,     57,     126:    0.0347464
purged at depth 12:
0,      57,     151:    0.0479317
2,      55,     142:    0.0472166
1,      58,     146:    0.0459918
2,      57,     161:    0.0459601
3,      52,     160:    0.0457917
1,      59,     162:    0.0453782
2,      51,     149:    0.0451508
1,      61,     161:    0.043518
5,      56,     139:    0.0434028
4,      58,     156:    0.0432545
6,      53,     142:    0.0432451
1,      63,     175:    0.0418113
1,      55,     99:     0.0413343
3,      62,     127:    0.0403861
9,      52,     141:    0.0398915
3,      63,     140:    0.0397583
7,      61,     166:    0.0385594
9,      59,     152:    0.0383362
11,     57,     139:    0.0380344
8,      61,     159:    0.0377958
purged at depth 13:
0,      54,     160:    0.0501505
0,      57,     151:    0.0479317
2,      55,     142:    0.0472166
0,      58,     152:    0.0470987
3,      53,     154:    0.046581
1,      58,     146:    0.0459918
2,      57,     161:    0.0459601
3,      52,     160:    0.0457917
3,      52,     150:    0.0456267
1,      59,     162:    0.0453782
2,      51,     149:    0.0451508
2,      51,     140:    0.0449843
3,      51,     153:    0.0443184
2,      59,     153:    0.0441462
1,      61,     161:    0.043518
5,      56,     139:    0.0434028
4,      58,     156:    0.0432545
6,      53,     142:    0.0432451
3,      50,     147:    0.0423388
1,      63,     175:    0.0418113
purged at depth 14:
0,      54,     160:    0.0501505
0,      54,     155:    0.0500551
0,      57,     151:    0.0479317
2,      55,     162:    0.0476622
2,      55,     142:    0.0472166
0,      58,     152:    0.0470987
3,      53,     154:    0.046581
1,      58,     146:    0.0459918
2,      57,     161:    0.0459601
3,      52,     160:    0.0457917
3,      52,     150:    0.0456267
0,      60,     170:    0.0454071
1,      59,     162:    0.0453782
2,      51,     149:    0.0451508
2,      51,     140:    0.0449843
1,      60,     168:    0.0444919
1,      60,     163:    0.0444227
3,      51,     153:    0.0443184
2,      59,     153:    0.0441462
1,      61,     161:    0.043518
purged at depth 15:
0,      53,     162:    0.0502058
0,      54,     160:    0.0501505
0,      54,     155:    0.0500551
0,      55,     147:    0.0496648
0,      57,     151:    0.0479317
2,      55,     162:    0.0476622
2,      55,     142:    0.0472166
0,      58,     152:    0.0470987
3,      53,     154:    0.046581
1,      58,     146:    0.0459918
2,      57,     161:    0.0459601
3,      52,     160:    0.0457917
3,      52,     150:    0.0456267
0,      60,     170:    0.0454071
1,      59,     162:    0.0453782
2,      51,     149:    0.0451508
2,      51,     140:    0.0449843
5,      53,     167:    0.044607
1,      60,     168:    0.0444919
1,      60,     163:    0.0444227
purged at depth 16:
0,      54,     165:    0.0502816
0,      54,     162:    0.0502235
0,      53,     162:    0.0502058
0,      54,     160:    0.0501505
0,      54,     155:    0.0500551
0,      55,     158:    0.0499625
0,      55,     158:    0.0499625
0,      55,     147:    0.0496648
0,      52,     163:    0.0492368
0,      52,     160:    0.0491521
1,      54,     163:    0.0490798
1,      56,     163:    0.0480446
0,      57,     151:    0.0479317
2,      55,     162:    0.0476622
2,      55,     142:    0.0472166
0,      58,     152:    0.0470987
3,      55,     162:    0.0466636
3,      53,     154:    0.046581
1,      58,     146:    0.0459918
2,      57,     161:    0.0459601
purged at depth 17:
0,      54,     165:    0.0502816
0,      54,     162:    0.0502235
0,      53,     162:    0.0502058
0,      54,     160:    0.0501505
0,      55,     163:    0.0500826
0,      55,     162:    0.0500676
0,      54,     155:    0.0500551
0,      55,     158:    0.0499625
0,      55,     158:    0.0499625
0,      55,     147:    0.0496648
0,      52,     165:    0.0492756
0,      52,     165:    0.0492756
0,      52,     163:    0.0492368
0,      52,     160:    0.0491521
0,      52,     160:    0.0491521
1,      54,     163:    0.0490798
0,      56,     156:    0.0489812
0,      57,     165:    0.0482486
1,      56,     165:    0.0480839
1,      56,     163:    0.0480446
purged at depth 18:
0,      54,     167:    0.0503094
0,      53,     168:    0.0503069
0,      54,     165:    0.0502816
0,      54,     165:    0.0502816
0,      54,     165:    0.0502816
0,      53,     166:    0.0502765
0,      53,     164:    0.0502437
0,      54,     162:    0.0502235
0,      53,     162:    0.0502058
0,      53,     162:    0.0502058
0,      55,     169:    0.0501807
0,      53,     161:    0.0501655
0,      55,     167:    0.050153
0,      54,     160:    0.0501505
0,      55,     163:    0.0500826
0,      55,     162:    0.0500676
0,      54,     155:    0.0500551
0,      55,     158:    0.0499625
0,      55,     158:    0.0499625
0,      55,     147:    0.0496648
purged at depth 19:
0,      54,     170:    0.0503575
0,      54,     167:    0.0503094
0,      53,     168:    0.0503069
0,      54,     166:    0.0502968
0,      53,     167:    0.0502892
0,      54,     165:    0.0502816
0,      54,     165:    0.0502816
0,      54,     165:    0.0502816
0,      53,     166:    0.0502765
0,      53,     166:    0.0502765
0,      53,     164:    0.0502437
0,      53,     164:    0.0502437
0,      54,     162:    0.0502235
0,      53,     162:    0.0502058
0,      53,     162:    0.0502058
0,      55,     170:    0.0502008
0,      55,     169:    0.0501807
0,      55,     168:    0.0501706
0,      53,     161:    0.0501655
0,      55,     167:    0.050153
 best result :
0, 54, 170: 0.0503575
Press any key to continue . . .